Andrukh			22	35	57	76	68	13	17	19	23	29
Andruko			31	67	46	78	44	53	56	61	67	71
Andruntsiv		76	11	88	12	36	47	53	83	89	97
Yeliashkevych	47	53	83 	59	61	67	38	48	55	88
Yelyuk			46	56	78	44	22	35	44	53	57	61
Yevdokymenko	61	67	23	29	25	36	59	61	83	89
Yevtukh			36	45	53	31	67	88	12	36	78	44
Goraya			56	61	78	44	22	67	38	36	59	25
Gulkanova		59	45	44	53	59	61	83	89	46	56
Andrusyak		29	25	36	56	39	34	85	72	74	26
Andrusyshyn		75	36	94	37	83	62	16	92	16	19
Voitenko		26	92	63	47	63	51	36	34	92	10
Voloshyn		28	20	73	82	72	16	17	19	81	11
Vyhovsky		40	50	94	83	73	64	84	84	62	62